version https://git-lfs.github.com/spec/v1
oid sha256:963308e0465a1c26b451a1e5cd25e17209e15c85e09d67ae6fb555c89bbbc5c7
size 3260
