version https://git-lfs.github.com/spec/v1
oid sha256:51fad39068ea691059049e580ebfd4a9e42fb7337d24fd7aab976fec9d832522
size 3256
